<gnd:4008767-0>
<gnd:4011413-2>
<gnd:4073644-1>
<gnd:4019956-3>
