<gnd:4000464-8>
<gnd:4030702-5>
