<gnd:4131484-0>
<gnd:4018776-7>
<gnd:4002623-1>
<gnd:4002719-3>
<gnd:4167306-2>
