<gnd:4556952-6>
<gnd:4188909-5>
<gnd:4018202-2>
<gnd:4076217-8>
<gnd:4398345-5>
<gnd:4071781-1>
<gnd:4076215-4>
