<gnd:4139772-1>
<gnd:4010074-1>
<gnd:4049716-1>
