<gnd:4120613-7>
<gnd:4255219-9>
<gnd:4071796-3>
<gnd:4047291-7>
<gnd:4065835-1>
