<gnd:4167290-2>
<gnd:4005988-1>
<gnd:4131687-3>
