<gnd:4037278-9>
<gnd:4140723-4>
<gnd:4144978-2>
<gnd:4078594-4>
