<gnd:4027208-4>
<gnd:4037278-9>
<gnd:4121434-1>
<gnd:7606306-9>
