<gnd:7583382-7>
<gnd:4062860-7>
<gnd:4078517-8>
<gnd:4026152-9>
