<gnd:4117636-4>
<gnd:4006340-9>
<gnd:4033596-3>
<gnd:4065654-8>
<gnd:4307945-3>
<gnd:4255219-9>
<gnd:4077624-4>
<gnd:4038971-6>
<gnd:4135971-9>
<gnd:4123065-6>
<gnd:4030958-7>
