<gnd:4156741-9>
<gnd:4162071-9>
