<gnd:4078605-5>
<gnd:4078612-2>
<gnd:4335640-0>
