<gnd:4062644-1>
<gnd:4187567-9>
<gnd:4077624-4>
<gnd:4076351-1>
