<gnd:1059870452>
<gnd:4167616-6>
