<gnd:4046076-9>
