<gnd:4052673-2>
<gnd:4027145-6>
