<gnd:4049396-9>
<gnd:4155441-3>
<gnd:4115589-0>
