<gnd:4037877-9>
<gnd:4125858-7>
