<gnd:4186996-5>
<gnd:4077587-2>
<gnd:4549734-5>
<gnd:4125858-7>
<gnd:4067488-5>
