<gnd:4164664-2>
<gnd:4126974-3>
<gnd:4030638-0>
