<gnd:4122915-0>
<gnd:4076508-8>
<gnd:4268180-7>
