<gnd:4006882-1>
<gnd:4232362-9>
<gnd:4161411-2>
<gnd:4011150-7>
<gnd:103887131X>
