<gnd:4802620-7>
<gnd:4069794-0>
<gnd:4056754-0>
<gnd:4077804-6>
