<gnd:4220745-9>
<gnd:4214169-2>
<gnd:4212944-8>
<gnd:4128420-3>
<gnd:4381820-1>
<gnd:127956587X>
<gnd:4072278-8>
