<gnd:4062670-2>
<gnd:4114528-8>
<gnd:4017233-8>
<gnd:7658716-2>
<gnd:4194956-0>
