<gnd:4005541-3>
<gnd:4131424-4>
<gnd:7707222-4>
<gnd:4356308-9>
<gnd:4053059-0>
