<gnd:4123820-5>
