<gnd:1043850708>
