<gnd:4034268-2>
<gnd:4349737-8>
