<gnd:4128420-3>
<gnd:4171776-4>
<gnd:4335827-5>
