<gnd:4034026-0>
<gnd:4066438-7>
