<gnd:4138182-8>
<gnd:7635855-0>
<gnd:4042669-5>
<gnd:4067850-7>
<gnd:4019902-2>
