<gnd:4023852-0>
<gnd:4059615-1>
