<gnd:4043788-7>
<gnd:4061778-6>
