<gnd:4131014-7>
<gnd:4055707-8>
<gnd:4157237-3>
