<gnd:4003935-3>
<gnd:4023852-0>
<gnd:4135648-2>
