<gnd:4293934-3>
<gnd:4160598-6>
