<gnd:4042669-5>
<gnd:4064152-1>
