<gnd:4060675-2>
<gnd:4267769-5>
<gnd:4201977-1>
<gnd:4161409-4>
