<gnd:4055762-5>
<gnd:4221401-4>
