<gnd:7705503-2>
