<gnd:4031031-0>
<gnd:4006141-3>
