<gnd:4065579-9>
<gnd:1153741164>
