<gnd:4079329-1>
<gnd:4272490-9>
