<gnd:4455020-0>
<gnd:4428183-3>
