<gnd:4069342-9>
