<gnd:4076094-7>
<gnd:4175289-2>
