<gnd:4014715-0>
<gnd:4068598-6>
<gnd:4115712-6>
