<gnd:4114543-4>
<gnd:4193383-7>
<gnd:4020343-8>
<gnd:4020356-6>
<gnd:4045245-1>
