<gnd:4152480-9>
<gnd:4315368-9>
<gnd:4511937-5>
<gnd:4135603-2>
