<gnd:4113427-8>
