<gnd:4000098-9>
<gnd:4014692-3>
<gnd:4061644-7>
