<gnd:4035811-2>
<gnd:4076358-4>
<gnd:4627581-2>
