<gnd:4388633-4>
<gnd:4812463-1>
<gnd:4016899-2>
<gnd:4047347-8>
<gnd:4276213-3>
<gnd:4036557-8>
