<gnd:4168674-3>
<gnd:4026617-5>
