<gnd:4027238-2>
<gnd:4020588-5>
