<gnd:4129965-6>
<gnd:4125275-5>
<gnd:4132369-5>
