<gnd:4019311-1>
<gnd:4181603-1>
