<gnd:7548425-0>
<gnd:4033186-6>
<gnd:4003451-3>
<gnd:4236142-4>
<gnd:4062163-7>
