<gnd:4476754-7>
<gnd:4252995-5>
<gnd:4243979-6>
<gnd:4311267-5>
<gnd:4130722-7>
