<gnd:4185549-8>
<gnd:4351333-5>
<gnd:4768127-5>
<gnd:4193873-2>
<gnd:4157819-3>
